Start the client at 2018-02-01 11:14:23.686408
18.64751499669343
25.24660535096879
23.933005856281873
23.804102222319
23.90822076675779
23.3078209122807
24.576033149215984
22.592891076370975
25.047323217843868
23.913450608334244
23.817067419607845
23.788562606027636
24.113894222124184
23.82225745391153
24.018530035372955
23.979017209037067
23.42662369141755
23.239221332102893
0.1481156080106409
341.20764952091974
119.28354837816245
119.32878242089721
119.66486218065282
119.74830348411041
119.48977260288089
119.57487007183038
119.57431668814488
118.04816262729686
118.42740705882352
126.15667516952381
115.01538563658637
117.9546174536038
117.33427010411076
115.20743962061334
115.06192975055258
115.3168137721519
114.25620762541807
115.00140906374921
110.62572298724953
120.22472171560541
114.90470827832668
115.04982051778573
115.15889545559887
113.23838766935985
116.19934040816327
116.40968954956874
115.48736473272766
115.34114734754168
114.9772186116954
118.62016
114.3757474952919
116.24876590387069
116.8326808336005
114.69975811142588
114.67569438371972
114.85641884429502
113.86349281949798
115.76865345335169
115.52397702208603
115.2438746110057
116.6083620864
114.90470827832668
117.24618131274131
114.95303833438486
115.29249046192785
115.86681447376789
114.90470827832668
115.26817741037537
113.6740557928668
114.82022839617687
115.49956625039619
114.75996163762333
116.36012714848323
115.02560969696971
114.59155079245282
113.89908257553657
117.82748378529855
114.8081699810964
114.49553776288228
114.06546270450751
114.17267828302872
115.06192975055258
114.73587264483628
115.2438746110057
115.49956625039619
116.48411236654235
115.79317811248809
114.72383194039249
116.5462041108742
114.6396177181208
118.19692880960103
119.02051111159498
119.68506618786951
119.48883971581593
118.67166679982631
114.42363351057149
121.0098953464689
122.28225889932885
113.01596139356973
115.21958205733559
114.24426738008152
116.6083620864
117.1707818392283
114.29204334134866
115.14676580577206
112.67814827458257
125.03756085554157
115.01350810731194
115.64618582037448
115.09827274794694
120.43664146303844
113.34405334992223
115.11039218279457
116.70795287285151
115.89138074419591
121.9820792858737
119.71127842312745
119.28023945008184
119.47578082622951
119.842512010524
119.55417700787402
119.80311173260274
119.61958579275633
119.52803351847803
119.56725304167122
119.5149660610036
119.52803351847803
119.35837914182771
119.52803351847803
119.75061831087743
119.17621220538537
113.15633936031466
115.20743962061334
114.0892709830933
115.67065861390329
115.32897927629496
117.56139311323798
117.14567022717532
117.19590421955404
117.37206297616491
117.29650156223177
120.75592561139953
119.39748739187418
117.71329757295143
117.1707818392283
114.28009560526866
115.81771316453015
117.70062387596899
117.485587808705
117.23360799571046
117.29650156223177
119.78998406311638
119.00755438275637
121.41308247001332
119.21520115158124
112.45791529266536
114.9288682253995
114.31594630973544
114.82022839617687
114.90470827832668
121.72401676428014
113.82792529779259
114.6396177181208
114.8081699810964
114.6396177181208
116.4468890668939
114.50753059180894
114.1011788498069
117.72597399956923
117.28391745091729
119.15023373950953
117.75133504523912
122.11834166219839
117.08293826282532
121.84612065983059
118.37611202598809
120.79595520000001
116.95767567775758
119.8819382125233
119.42357379943194
120.8493692858722
118.06927255211146
119.75061831087743
122.48777530084033
119.98720168587423
119.71127842312745
119.76373735319895
119.61958579275633
119.76373735319895
119.842512010524
119.67196437438425
119.54110383378897
119.63267613919895
119.56725304167122
119.5019014604285
119.64576935099048
119.39748739187418
119.48883971581593
118.73611323558163
120.00037261909989
120.13224116043956
119.55417700787402
119.5019014604285
119.58033193611901
119.42357379943194
119.68506618786951
119.58033193611901
117.78939710807026
116.05131577070064
115.79317811248809
115.94054454979319
118.9687011165524
114.95303833438486
116.0020579966044
116.19934040816327
